[[  0.          33.79912063  48.43954452 ...,  48.56476203  36.78855935
   42.74758808]
 [ 33.79912063   0.          42.83026987 ...,  45.22128341  42.19723945
   41.69999369]
 [ 48.43954452  42.83026987   0.         ...,  40.73310291  43.83918312
   36.21846683]
 ..., 
 [ 48.56476203  45.22128341  40.73310291 ...,   0.          43.23028402
   38.55342803]
 [ 36.78855935  42.19723945  43.83918312 ...,  43.23028402   0.
   38.28452843]
 [ 42.74758808  41.69999369  36.21846683 ...,  38.55342803  38.28452843
    0.        ]]